sample	chr	startpos	endpos	nMaj1_A	nMin1_A	frac1_A	nMaj2_A	nMin2_A	tot	min
1	IID_H130563_T05_01_WG01	1	811328	249174428	1	1	1	NA	NA	2	1
2	IID_H130563_T05_01_WG01	2	14004	242985695	1	1	1	NA	NA	2	1
3	IID_H130563_T05_01_WG01	3	61495	127719920	1	1	1	NA	NA	2	1
4	IID_H130563_T05_01_WG01	3	127720740	129040941	1	1	0.768407152	2	1	2.231592848	1
5	IID_H130563_T05_01_WG01	3	129041756	197845233	1	1	1	NA	NA	2	1
6	IID_H130563_T05_01_WG01	4	72048	39922348	1	1	1	NA	NA	2	1
7	IID_H130563_T05_01_WG01	4	39924791	40118929	2	0	0.054103031	2	1	2.945896969	0.945896969
8	IID_H130563_T05_01_WG01	4	40119993	190790246	1	1	1	NA	NA	2	1
9	IID_H130563_T05_01_WG01	5	849504	90137108	1	1	1	NA	NA	2	1
10	IID_H130563_T05_01_WG01	5	90140186	99128466	1	0	1	NA	NA	1	0
11	IID_H130563_T05_01_WG01	5	99137434	165830081	8	0	1	NA	NA	2	0
12	IID_H130563_T05_01_WG01	5	165830775	180718266	1	0	1	NA	NA	1	0
13	IID_H130563_T05_01_WG01	6	205800	170945892	1	1	1	NA	NA	2	1
14	IID_H130563_T05_01_WG01	7	80500	27622410	6	0	1	NA	NA	3	0
15	IID_H130563_T05_01_WG01	7	27623561	27653438	0	0	1	NA	NA	0	0
16	IID_H130563_T05_01_WG01	7	27653801	159023705	4	0	1	NA	NA	2	0
17	IID_H130563_T05_01_WG01	8	33578	146300622	1	1	1	NA	NA	2	1
18	IID_H130563_T05_01_WG01	9	204850	141068960	1	1	1	NA	NA	2	1
19	IID_H130563_T05_01_WG01	10	95096	135206354	1	1	1	NA	NA	2	1
20	IID_H130563_T05_01_WG01	11	198986	134946396	1	1	1	NA	NA	2	1
21	IID_H130563_T05_01_WG01	12	191450	22546120	1	0	0.978509493	1	1	1.021490507	0.021490507
22	IID_H130563_T05_01_WG01	12	22658734	22885159	1	1	1	NA	NA	2	1
23	IID_H130563_T05_01_WG01	12	22891044	23854159	0	0	0.293577242	1	0	0.706422758	0
24	IID_H130563_T05_01_WG01	12	23856951	133832256	1	1	1	NA	NA	2	1
25	IID_H130563_T05_01_WG01	13	19449788	114989973	1	1	1	NA	NA	2	1
26	IID_H130563_T05_01_WG01	14	20425051	107283598	1	1	1	NA	NA	2	1
27	IID_H130563_T05_01_WG01	15	20004669	102431166	1	1	1	NA	NA	2	1
28	IID_H130563_T05_01_WG01	16	83807	89998957	1	1	1	NA	NA	2	1
29	IID_H130563_T05_01_WG01	17	1880	79998898	1	1	1	NA	NA	2	1
30	IID_H130563_T05_01_WG01	18	125371	78017073	1	1	1	NA	NA	2	1
31	IID_H130563_T05_01_WG01	19	245844	20826692	1	1	1	NA	NA	2	1
32	IID_H130563_T05_01_WG01	19	20829815	20992901	2	1	1	NA	NA	3	1
33	IID_H130563_T05_01_WG01	19	20995653	59088450	1	1	1	NA	NA	2	1
34	IID_H130563_T05_01_WG01	20	20169162	62918292	1	1	1	NA	NA	2	1
35	IID_H130563_T05_01_WG01	21	15279270	47955076	1	1	1	NA	NA	2	1
36	IID_H130563_T05_01_WG01	22	16603512	49998118	1	1	1	NA	NA	2	1
37	IID_H130563_T05_01_WG01	X	1455800	155249621	1	1	1	NA	NA	2	1
