class	sub	tri	SBS1	SBS2	SBS3	SBS4	SBS5	SBS8	SBS9	SBS13	SBS16	SBS18	SBS17b	SBS29	E-SBS20	SBS31	SBS35	E-SBS1	E-SBS37	E-SBS14	AML-HSC	SBS-MM1
1	A[C>A]A	C>A	ACA	0.000886157230877471	5.80016751463797e-07	0.0208083233293317	0.0421964976906917	0.011997600479904	0.0440982184319753	0.000557953689843743	0.00181991985072977	0.0159950367400995	0.0515338577445382	0.000607958306219358	0.0632092620531686	0.0246400368185445	0.0095349845981014	0.00882694852389529	0.000570173043179811	0.000996268740788402	0.0014895931911951	0.020267	3.82e-06
2	A[C>A]C	C>A	ACC	0.00228040461219034	0.000148004274511452	0.0165066026410564	0.0332972363293847	0.00943811237752451	0.0477980689580141	0.00408966055817367	0.000720968248558332	0.00289910040914304	0.0158103874245379	0.000128991153786673	0.0512075034354784	0.0504489844006478	0.0184902741158151	0.0461840341793842	0.0364811020619203	0.0288513484530408	0.0192082922577512	0.007861	6.96e-06
3	A[C>A]G	C>A	ACG	0.000177031410683197	5.23015105199252e-05	0.00175070028011204	0.0155987053074595	0.0018496300739852	0.00461981335954027	0.00042596464493447	0.000263988373952011	0.00101968359218135	0.00243159755959666	5.81960089177082e-05	0.0192028137883044	0.000827432331096297	0.00165912729904071	0.00138951964305939	0.000634051323391826	7.04222352504914e-106	3.61315526793876e-06	0.001249	5.14e-05
4	A[C>A]T	C>A	ACT	0.00128022715070335	9.78028246433782e-05	0.0122048819527811	0.0294975517032086	0.00660867826434713	0.0469981012767084	0.00304974687100971	0.000347984674754923	0.0105967118403159	0.0214140690433615	0.000455968729664519	0.0356052172324811	0.0328914191484096	0.00627669845661182	0.0215925354604913	0.00371957220542226	0.0229713577571812	0.00265661716797836	0.006351	3.07e-05
5	C[C>A]A	C>A	CCA	0.000312055367983941	0.0002080060074215	0.0225090036014406	0.0806933024558961	0.00742851429714057	0.040098380025447	0.00479960163306446	0.00139993834671521	0.0103967738810647	0.0740486499630257	0.000270981416094484	0.0542079430899009	0.0255068606825894	0.0106943747588768	0.029889667142069	0.0137261482216883	0.0297917993410988	0.0174280948200397	0.019424	0.021990816
6	C[C>A]C	C>A	CCC	0.00179031765606171	9.53027524387929e-05	0.0253101240496198	0.0796933854490077	0.00613877224555089	0.0387984325433252	0.00191984065322578	0.000967957371157372	0.00902719886019368	0.0196128856658825	4.10971815552889e-05	0.0369054077493975	0.0212536990313692	0.0115939016077543	0.0329885958424173	0.0138678046592063	0.0175701792162891	0.00725057792201476	0.004139	2.58e-06
7	C[C>A]G	C>A	CCG	9.32165394105873e-05	2.23006440649012e-16	0.0025110044017607	0.0244979666687665	0.00345930813837233	0.00340986224156544	0.00136988629943715	4.32980931519775e-06	0.00173946024548583	0.0120078891831934	2.22984707708745e-16	0.014802168961818	4.36821632373158e-06	0.000328827036978549	0.00219923972282782	0.00133993978503701	0.000486768037024467	0.00116573731604078	0.002005	0.001211879
8	C[C>A]T	C>A	CCT	2.23039573911599e-16	0.00042101215925217	0.015406162464986	0.0689942734753015	0.00648870225954809	0.0329986668538591	0.00305974604107859	2.21990223550554e-16	0.00248922759267799	0.0363238647791599	0.000181987519295926	0.0519076060215103	0.00122217546442815	0.0278853323152022	0.0824714896060432	0.0607688570558821	0.0106993188356493	0.060674510738131	0.003694	0.011710085
9	G[C>A]A	C>A	GCA	0.00158028038914944	8.62024896141022e-05	0.0071328531412565	0.0315973774176743	0.0101979604079184	0.0241990223594967	0.00771935929317867	0.000948958207880523	0.00860732914576607	0.109071660080673	0.000997931561853485	0.0971142301481436	0.0247861323762273	0.0130931130225501	0.00986658912014116	0.0171850238016868	0.0477527202976762	0.00140304056612039	0.006967	8.81e-06
10	G[C>A]C	C>A	GCC	0.000339060159444089	2.23006440649012e-16	0.0109043617446979	0.0347971118397173	0.00764847030593882	0.0261989415627609	0.0066794456060147	0.000450980138834685	0.00424868163408894	0.0173113735724371	2.77980936067404e-06	0.0903132335981191	0.0297872515703595	0.0214886969454067	0.050182651857253	0.0519550681285518	0.0623170083653221	0.0179165697338995	9.8e-05	2.92e-05
11	G[C>A]G	C>A	GCG	0.000587104169892862	1.39004014574944e-05	0.00143057222889156	0.0152987302053929	0.00233953209358128	0.00273988930847194	0.000170985808177921	0.000163992777758067	0.00135957812290846	0.00756497018541182	9.23936636425471e-05	0.0230033706839063	9.35309820275259e-06	0.00097148899678769	0.000506824790669866	0.000497012153500741	4.74421526739995e-05	0.000450679319004101	0	6.02e-05
12	G[C>A]T	C>A	GCT	2.23039573911599e-16	5.12014787499076e-05	0.0100040016006403	0.0211982405460347	0.00681863627274545	0.0268989132839033	0.00855928957896495	6.14972916592752e-05	0.00579820081828609	0.0623409580094122	0.000533963380791344	0.0846123982547162	0.0125127965254421	0.00350815471062221	0.0228920862057987	0.000934352595578413	0.0379292543262957	0.000455140590589442	0.00274	2.07e-05
13	T[C>A]A	C>A	TCA	6.58116769658438e-05	0.000639018455492011	0.00841336534613846	0.0397966968741594	0.00785842831433714	0.0297987961286364	0.0169985891171033	0.0789965209932153	0.0107966497995672	0.0738485184766392	1.23991496663159e-05	0.0452066241266333	0.00815506361273115	0.00185902215434681	0.00526817879059209	0.000943912828519568	0.000123533559777866	9.62753929139717e-20	0.002341	0.015866252
14	T[C>A]C	C>A	TCC	0.00253044897756208	0.000170004909911803	0.0168067226890756	0.0468961076230673	0.00916816636672666	0.0250989860009656	0.00245979583694553	0.0293987052810194	0.00586817910402402	0.0436286640322692	2.22984707708745e-16	0.0411060232655891	0.0255899231035336	0.00937506871385652	0.0230920170896921	0.00790443758615918	0.0505093450275746	0.0117895302412591	0.002567	3.39e-05
15	T[C>A]G	C>A	TCG	2.23039573911599e-16	8.53024636204515e-05	0.00141056422569028	0.0108990953750839	0.0022995400919816	0.00189992324310098	0.000444963068065351	0.0120994671394672	0.00148953779642177	0.0127083493855463	9.50934784892449e-05	0.0174025499956509	1.87335085541832e-08	0.000954497934086671	9.46672735235429e-05	0.000134236351173195	0.000141473143864979	0.000240499343828659	0	1.6e-05
16	T[C>A]T	C>A	TCT	5.88104347354349e-06	0.000440012708007018	0.00997398959583833	0.0412965723844921	0.0126974605078984	0.0318987112920638	0.0272977342880541	0.0354984366488499	0.00924713061537005	0.122080206695799	0.00256982376148643	0.0411060232655891	0.0163581191770454	0.00448763950162215	0.015294712617848	0.000145435841275011	0.0705960869986945	0.0125799685676779	0.003677	0.003327261
17	A[C>G]A	C>G	ACA	0.0018603300783658	2.23006440649012e-16	0.0197078831532613	0.00688942817746127	0.0100979804039192	0.00432982507506697	0.00483959831333999	0.00386982957270561	0.00173946024548583	0.00173113735724371	0.000145989988006622	0.00314046017162895	0.0050931357881881	0.00831562598073414	0.00357876282169254	0.000307359271033633	0.0028063233632761	0.000541379993436674	0.015159	0.000446027
18	A[C>G]C	C>G	ACC	0.00122021650301413	0.00013300384128394	0.0117046818727491	0.00283976429956314	0.00569886022795441	0.00294988082481468	0.00195983733350132	0.000950958119804402	0.00200937649047501	0.0025917027487059	4.33970238321055e-05	0.00263038543037711	0.00218875051452151	0.00315833871383652	0.00454842760857572	0.00207438963940862	0.000757770163505353	0.000727290423996129	0.003367	0.01217308
19	A[C>G]G	C>G	ACG	0.000115020408071004	1.52004390038788e-05	0.000253101240496198	0.00127989376881719	0.00171965606878624	0.000285988446066779	0.00135988712936826	0.000263988373952011	0.00084673725742902	0.00192126226931094	2.22984707708745e-16	0.000896131310120872	0.000461163339430472	0.00299842282959164	0.000345880429135648	0.00112775901577669	0.000957750439285698	0.00122917270616091	0.000823	1.94e-05
20	A[C>G]T	C>G	ACT	0.00114020230609517	9.12026340232729e-05	0.017406962785114	0.00354970537445392	0.0100979804039192	0.00570976932531926	0.00640946801415483	0.00399982384775774	0.0114964326569465	0.00408268232228574	0.000318978124480222	0.00249036491317073	0.00884301966299626	0.00377801276528546	0.00947672389654897	0.00246113844574884	0.00187520936755569	0.00154978290487464	0.007249	5.48e-05
21	C[C>G]A	C>G	CCA	2.41042768218364e-05	2.23006440649012e-16	0.0193077230892357	0.00782935016393639	0.00695860827834433	0.00499979800816047	0.000892925887151366	0.00560975294648023	0.00354889877670959	0.000613403005774794	0.000193986696392361	0.00329048215435008	0.00270077825858636	0.00204892226688762	0.00385866605914336	0.00114397684528834	0.000942261493960769	0.00166425165114968	0.005265	0.086454006
22	C[C>G]C	C>G	CCC	7.68136290422007e-05	0.000351010137523781	0.0141056422569028	0.0068694298373235	0.00906818636272747	0.00545977942491123	0.00153987219060818	0.000647971463336753	0.00453859167500325	0.00226148579616808	4.65968043911548e-05	0.00634092913634635	0.00332779485319128	0.00185902215434681	0.0062978228426433	0.00145964364350477	0.000408832453406771	0.000590303465340213	0.001801	0.01626089
23	C[C>G]G	C>G	CCG	0.00035206246644342	4.87014065453223e-05	0.00150060024009604	0.00339971782342066	0.00248950209958008	1.0499575817137e-05	0.000436963732010243	0.000487978509426444	0.00145954710253408	0.00358235360631935	2.22984707708745e-16	0.00130019051691644	4.27365096831302e-05	0.000853551032157086	0.000869699344936456	0.0008198115089431	0.000690002977237672	0.00036274650335447	0	0.000615079
24	C[C>G]T	C>G	CCT	2.23039573911599e-16	6.36018368846509e-05	0.0223089235694278	0.00681943398697908	0.00952809438112379	0.00548977821296019	0.00302974853087194	0.00639971815641238	0.00961701583998485	0.00379249166702524	0.000192986764967658	0.00669098042936231	0.00681836055999287	0.00341820202573447	0.0161944015953685	0.0047634116527701	0.00180925025374861	0.00144324410009281	0.002863	0.039040718
25	G[C>G]A	C>G	GCA	9.59170185566022e-06	6.54018888719523e-05	0.0127050820328131	0.00528956096643978	0.00467906418716257	0.0025798957722108	0.00135988712936826	0.00149993394290915	0.00104967428606903	0.000635417469277315	5.98958923397031e-05	0.0022703326718464	0.0026870288393706	0.0018290379260509	0.0033788319377991	0.00229474556846749	0.00219389199076223	0.00518656097853398	0.005759	0.029761055
26	G[C>G]C	C>G	GCC	0.000164029103683866	0.000261007538158709	0.00863345338135254	0.00574952278960846	0.00507898420315937	0.0023899034479007	0.00282976512949425	0.000478978905768989	0.00308904147043172	0.00134088095878993	5.54961940710105e-05	0.00164024034441767	0.00707942105736958	0.0075060518167444	0.0213926045765979	0.0239791733261779	0.000120509345520676	0.0264047665424565	0.001855	0.019654956
27	G[C>G]G	C>G	GCG	0.00016602945860684	2.23006440649012e-16	0.00242096838735494	0.00329972612273181	0.00150969806038792	0.000487980285596462	0.000520956760588871	0.000240989386827404	8.12747804356308e-05	0.000639420099005047	2.22984707708745e-16	6.88100827414241e-06	8.02632694966412e-05	0.000456759744374459	0.00059079576190511	0.000485125037211945	0.00111723730779452	0.000238660936695345	0	0.002572235
28	G[C>G]T	C>G	GCT	2.23039573911599e-16	0.000134003870165774	0.0147058823529412	0.00303974770094082	0.00671865626874625	0.00485980366393198	0.00856928874903383	0.00269988109723647	0.0032289980419076	0.00123080864127732	2.22984707708745e-16	0.00321047043023214	0.00794674272967747	0.00335823356914263	0.00873697962614324	0.00760631240187049	0.00691297356385526	0.0036127964935492	0.001795	0.012070355
29	T[C>G]A	C>G	TCA	2.23039573911599e-16	2.23006440649012e-16	0.0133053221288515	0.00357970288466057	0.00780843831233754	0.00146994061439918	0.00268977674852987	0.316986039934801	0.00250922138860312	0.00214140690433615	0.000159989027952463	0.000107015681007738	0.00229737439635947	0.000395791813506096	0.00662770880106747	0.00197754864895669	1.99436036696658e-21	0.00325714916239594	0.000128	0.03954103
30	T[C>G]C	C>G	TCC	0.000203036024681859	9.87028506370289e-05	0.0203081232492997	0.00594950619098615	0.00759848030393922	0.00133994586618701	0.00199983401377686	0.0634972035831541	0.00522837763442004	0.0046430504841681	6.17957620466386e-05	0.0068310009465687	0.00549324411757435	0.00291846488746919	0.00562805438160028	0.000580548288415324	0.00143449189712797	0.00191068751931327	0.002342	0.025433728
31	T[C>G]G	C>G	TCG	6.9412315827197e-05	4.12011899315663e-05	0.000520208083233293	0.00182984812260582	0.00170965806838632	7.81968408476297e-05	0.000403966470782925	0.0137993922747642	0.000438863820556481	0.000899591031307569	1.54989370828948e-05	0.000897131456672346	5.93335651148671e-05	0.000415781299036707	0.000154946435017415	0.000377527513222398	0.000902971911470251	0.000846351725553515	0	3.7e-06
32	T[C>G]T	C>G	TCT	0.0015602768399197	0.00118003408056428	0.0235094037615046	0.00337971948328289	0.0124975004999	0.000248989940806391	0.00562953274878185	0.368983749955651	0.0284911591933023	0.00318209063354624	0.00149989713705434	0.000336049241295327	0.0147612030650247	0.00423777093248951	0.0211926736927044	0.0100265716981671	0.0166826187183682	0.00521173329666873	0.002411	0.014709611
33	A[C>T]A	C>T	ACA	0.0250044365371747	6.11017646800655e-05	0.0142056822729092	0.00869927795992932	0.0325934813037393	0.00680972488711456	0.00809932775579627	0.00717968380672514	0.00175945404141095	0.00920604837378158	0.00057096084350535	0.00509074594700361	6.11291269784406e-06	0.0176906946945907	0.00220923626702249	0.000684292971694746	0.000255384323888692	7.59604677465939e-05	0.055298	0.023050629
34	A[C>T]C	C>T	ACC	0.00632112155659776	0.0013800398569311	0.0124049619847939	0.00417965308879363	0.0178964207158568	0.0028198860766025	0.00541955017733528	2.21990223550554e-16	0.00372884294003571	0.00465305705848743	7.02951791566132e-05	0.00431063163685375	0.000861868820819403	0.00927512128620346	0.00398862113367409	0.000118330553238588	0.00316929834918461	0.000247024901958131	0.026554	0.014549335
35	A[C>T]G	C>T	ACG	0.365064773442751	3.27009444359762e-05	0.00257102841136455	0.000782935016393639	0.00617876424715057	0.00322986951327166	0.00437963649017132	0.000302986656467649	0.00326898563375784	0.0122080206695799	0.00028698031888973	0.0201029456846312	0.00803591914800158	0.00758600975886684	0.000579799563290971	0.0055046826013246	0.00190849099794168	0.00254583834154806	0.090528	4.09e-05
36	A[C>T]T	C>T	ACT	0.00958170008104535	0.00186005372021149	0.0121048419367747	0.00424964727927582	0.021995600879824	0.0124994950204012	0.0064894613747059	0.00031798599589674	0.00599813877753733	0.00797523973250426	0.000146989919431325	0.00183026818919776	0.00845832041222543	0.0100946901929585	0.000899688977520471	0.000343382441474949	0.00135439734862137	2.21605938043365e-33	0.040251	0.012736835
37	C[C>T]A	C>T	CCA	0.00200035492297398	0.00432012476952345	0.0161064425770308	0.012698945987483	0.0193961207758448	0.00266989213635769	0.00723939912987222	1.92991500654311e-05	0.00716777583915711	0.0117076919536135	0.000456968661089222	0.00761111525671856	0.00152926884934232	0.0411783401930585	0.00509823753928267	0.0380948165914167	0.0130095665881766	0.0085241209203412	0.02353	0.036254575
38	C[C>T]C	C>T	CCC	0.000270047914601487	0.000170004909911803	0.0202080832332933	0.0114990455792169	0.018996200759848	0.00401983759856102	0.00875927298034263	0.00134994054861824	0.00283911902136767	0.00676444423986559	5.88959609150002e-05	0.00164024034441767	0.000153979748111533	0.163913781351009	0.0831712476996702	0.207604655710994	0.00703779821891206	0.0158408541420934	0.019033	0.015693404
39	C[C>T]G	C>T	CCG	0.19603478245145	0.00277008000268055	0.00224089635854342	0.0033097252928007	0.01749650069986	0.00148993980643182	0.00650945971484367	0.00198991236425947	0.000690785649213049	0.0168110448564707	0.00054296276361367	0.0153022422375551	0.00639070910414805	0.00819568906755047	0.0026690772999774	0.0110679779958439	0.00840258119293047	0.00130836681329398	0.027655	0.000173239
40	C[C>T]T	C>T	CCT	0.00019603478245145	0.00145004187865949	0.0230092036814726	0.0159986721102149	0.0230953809238152	0.0144994142236654	0.0110990787764616	0.00144993614481218	0.0192940130677451	0.00665437192235299	0.000135990673759593	0.000673098629142128	0.00927874631967729	0.144923770096929	0.046983757714958	0.179212002303902	0.0221419880313608	0.00416057011199877	0.051074	0.011494337
41	G[C>T]A	C>T	GCA	0.00444078792900222	2.23006440649012e-16	0.01640656262505	0.00408966055817367	0.0193961207758448	0.000275988850050458	0.00697942070808123	0.00717968380672514	0.00649798367566544	0.00968636394110931	6.10958100493466e-05	0.0104015241353315	0.0224894565154563	0.00679642508040771	0.00728748071791582	0.0126248459733331	0.0916404473209172	0.0346145460166795	0.022187	0.074413115
42	G[C>T]C	C>T	GCC	9.28164684259925e-05	1.29003725756603e-07	0.0134053621448579	0.00445962985072239	0.0215956808638272	0.000244990102399863	0.00652945805498144	0.000920959440946219	0.00528835902219541	0.00817537121889081	0.000156989233678354	0.00796116654973453	0.00278827437189393	0.0113940067524482	0.017793848666516	0.0100284603085364	0.0108937734615759	0.0177157988176606	0.028931	0.063443703
43	G[C>T]G	C>T	GCG	0.218038686604164	2.23006440649012e-16	0.000528211284513806	0.000481959997320222	0.0122975404919016	0.0019099228391173	0.00475960495278892	0.000177992161225219	0.00116963706161978	0.0148097299926051	0.000854941368120971	0.0183026818919776	1.22226326956777e-06	0.00196896432476517	0.00252912568125199	2.22040000000003e-16	0.0026115759133044	0.00347416884205689	0.030351	0.000164036
44	G[C>T]T	C>T	GCT	3.84068145211004e-05	5.04014556444403e-05	0.0113045218087235	0.00380968379624491	0.0185962807438512	0.00460981376352395	0.0106991119737062	0.00126994407166308	0.00671791543084181	0.0066943982196303	2.22984707708745e-16	0.00512075034354784	0.0100112969405576	0.00569700337622411	0.00602791614938716	0.00461412174614424	0.0447624171311118	0.00392796385874334	0.044966	0.052774978
45	T[C>T]A	C>T	TCA	0.00111019698225056	0.536015480663095	0.00576230492196879	0.00373968960576272	0.0202959408118376	0.00503979639222575	0.00426964561941359	0.00692969481624028	0.00635802710418957	0.0114074947240337	0.000107992593867912	0.00639093646392006	3.98984647963531e-05	0.00747606758844848	0.00295897708162288	0.000445462613936022	0.000325230655801162	0.000224278497170484	0.014778	0.001427911
46	T[C>T]C	C>T	TCC	3.73066193134647e-05	0.0973028102024611	0.0133053221288515	0.00698941987815011	0.022995400919816	0.000251989819611288	0.00732939166049218	0.00447980270948867	0.00367885845022289	0.0114074947240337	0.000603958580520546	3.61052905082182e-18	0.0117662102367544	0.0245870672026514	0.0125956456852866	0.00217095254292079	0.00309169196450179	0.00546580763458495	0.025081	0.003328354
47	T[C>T]G	C>T	TCG	0.110019520763569	0.0442012765770687	0.000989395758303321	0.000280976678935648	0.0158968206358728	4.16983153880583e-05	0.00325972944245628	0.00118994759470793	0.00301906318469379	0.0118077576968068	6.23957209014603e-05	0.0144021103412283	0.00256592810393238	0.00840557866562189	0.000764735630892401	0.000157333142110526	0.00230238806448272	0.000782335466123163	0.025886	2.6e-05
48	T[C>T]T	C>T	TCT	2.23039573911599e-16	0.30000866455024	0.00817326930772309	0.00721940078973445	0.020995800839832	0.00526978710060113	0.00545954685761082	0.001419937465954	0.0220931444972625	0.00375246536974793	0.000894938625109087	0.00428062724030952	0.0148603622189652	0.0194897483923456	0.00803722153251621	0.00977395582766798	0.0210753822159897	0.00334831574729968	0.022312	3.5e-05
49	A[T>A]A	T>A	ATA	0.00080014196918959	9.59027697678933e-05	0.0054921968787515	0.00941921820488899	0.00737852429514098	0.0194992122318258	0.012698945987483	2.21990223550554e-16	0.0230928342935187	0.00249163700551262	6.25957071864009e-05	0.000619090715362522	0.0123538674843689	0.00785586781353009	0.00488831011119456	0.00490165399230933	0.00406549201751041	0.00114482284672553	0.005353	0.008337874
50	A[T>A]C	T>A	ATC	0.00223039573911599	0.000878025358250369	0.00721288515406162	0.00352970703431615	0.00692861427714457	0.0212991395147636	0.00281976595942537	6.51971287184511e-05	0.00773759902302315	0.000878577225236981	0.000288980181739136	0.00200029310294837	0.0248127062830682	0.00606680885854041	0.00735745652727852	0.00711621368448534	0.0360326799494377	0.013725358985146	0.010264	1.56e-05
51	A[T>A]G	T>A	ATG	0.00114020230609517	2.55007364867704e-05	0.00964385754301721	0.0123989708854165	0.00911817636472707	0.0227990789172117	0.00275977093901206	0.000589974017544266	0.00880726710501731	0.00260170932302523	6.569549460298e-05	0.00248036344765598	0.0170140930225821	0.00502735561094864	0.00132954037789136	0.000198365590570129	0.00117135412859765	0.000893746912770328	0.00603	9.6e-07
52	A[T>A]T	T>A	ATT	0.000183032475452119	2.23006440649012e-16	0.0061124449779912	0.00420965059900028	0.00619876024795041	0.0249989900408023	0.0188984314301913	0.000605973312935297	0.0109965877588184	0.007845154266353	0.000632956591836929	0.00196028724088941	0.0220451994605059	0.00415781299036707	0.00736745307147319	0.00432279483669287	0.00458160383748226	0.00182413824169172	0.004771	3.75e-06
53	C[T>A]A	T>A	CTA	4.30076308439405e-05	0.000243007018285694	0.00794317727090836	0.0143988048991934	0.00353929214157169	0.0189992324310098	0.00478960246299557	0.000208990796045342	0.00320900424598247	0.000542356328107567	9.35935813521906e-05	0.00195028577537466	0.033837164957199	0.0205891700965292	0.0525818224639742	0.0288516941325237	0.018555130206224	0.0955978430366356	0.000465	0.013197888
54	C[T>A]C	T>A	CTC	0.000393069742364387	0.000244007047167528	0.0178071228491397	0.0121989874840388	0.00518896220755849	0.0291988203676571	0.00312974023156078	0.000341984938983287	0.00569823183866046	0.00306201174171431	0.00223984639133448	0.0014102066375786	0.0490630823053338	0.0210889072347945	0.0329885958424173	0.0203826077936302	0.0540107888622038	0.0918930779179247	0.004025	0.00012906
55	C[T>A]G	T>A	CTG	0.000324057497521784	0.000149004303393286	0.0132052821128451	0.0324973027238739	0.00500899820035993	0.0275988850050458	0.00530955930657755	0.000225990047398312	0.00102968049014391	0.00321211035650422	0.000716950831511972	0.00198029017191889	0.0395465613038441	0.0186901689711212	0.0581798872129905	0.028917142770677	0.0135156994287908	0.0822531187299383	0.003376	0.00333837
56	C[T>A]T	T>A	CTT	0.000260046139986617	2.23006440649012e-16	0.0127050820328131	0.0117990206812834	0.00429914017196561	0.0417983113482215	0.00443963151058462	0.000522976968094324	0.00652797436955313	0.00226148579616808	0.00778946579843552	0.00198029017191889	0.0907615099895157	0.0309837025724469	0.0663770534526215	0.0477123393232183	0.107312158136896	0.189413874032687	0.000879	0.018378979
57	G[T>A]A	T>A	GTA	8.12144098727434e-05	2.23006440649012e-16	0.00706282513005202	0.00921923480351131	0.00366926614677065	0.0127994829008908	0.00264978006825433	6.69970494499421e-06	0.000939708408480848	0.00160105189109245	9.72933276235913e-05	0.00343050267155646	0.0059225046804732	0.00189900112540804	0.000716752218757976	8.394560939836e-05	0.00161875935985354	0.000277787632049026	0.004249	0.008993849
58	G[T>A]C	T>A	GTC	0.000129022892531822	0.000131003783520271	0.00748299319727891	0.00359970122479834	0.00290941811637672	0.0134994546220333	0.00211982405460347	0.000129994275052126	0.000607811396123783	0.00195128199226892	0.000346976204371903	0.000789115629113134	0.0141043285903687	0.00290847014470389	0.00555807857223758	0.00181117868733424	0.00732518308482743	0.00637817999723197	0.002609	1.9e-05
59	G[T>A]G	T>A	GTG	0.000246043655525799	6.38018426610177e-05	0.0116046418567427	0.0130989127902384	0.00410917816436713	0.0155993697854607	0.000787934601428081	4.69979302111534e-05	0.00554827836922203	0.00183120310043699	0.000240983473353397	0.00366053637839553	0.00932776945165099	0.00576696657558125	0.00111961294980325	1.30897648772022e-05	0.000242810934059162	1.43259505830259e-05	0.004476	0.000792844
60	G[T>A]T	T>A	GTT	0.000258045785063643	6.28018137791835e-05	0.0123049219687875	0.00551954187802412	0.00321935612877425	0.0280988648058618	0.00255978753763438	0.000357984234374317	0.00096570034318351	0.00346227471448742	0.00157989165103057	0.00107015681007738	0.0232557354875894	0.0007885852041826	0.00285901163967616	5.854825330744e-06	0.00216021722856873	0.000863489899316207	0.003097	0.00114022
61	T[T>A]A	T>A	TTA	0.00672119254119256	0.000422012188134004	0.00651260504201681	0.00887926302116924	0.00630873825234953	0.0114995354187691	0.0259978421790991	0.000295986964734073	0.0122961844939515	0.010807100264874	0.00118991839539644	0.000764111965326279	2.56444598028104e-05	0.00669647765275465	0.00429851400370892	0.00766533508801708	0.00548916137540916	0.00314155738877369	0.00274	0.011247951
62	T[T>A]C	T>A	TTC	2.23039573911599e-16	0.000192005545312153	0.0105042016806723	0.00430964229968912	0.00413917216556689	0.0194992122318258	0.00184984646274359	0.000231989783169949	0.00466855134851655	0.00273179478917649	0.0002419834047781	0.00193028284434518	0.019468179117327	0.00374802853698955	0.00529816842317611	1.01208489797025e-05	0.00365091107389339	0.0034469554201951	0.002741	4.53e-05
63	T[T>A]G	T>A	TTG	2.80049689216357e-05	5.010144697989e-05	0.00671268507402961	0.0095392082457156	0.00478904219156169	0.012899478861054	0.0166986140150368	0.000187991720844614	0.00517839314460723	0.00179117680315968	2.22984707708745e-16	0.000924135413562149	0.0107965028079841	0.00326828088425488	0.00137952309886472	0.000273705037392098	0.000653862300714042	0.000591642214358433	0.00352	0.016634851
64	T[T>A]T	T>A	TTT	0.00225039928834573	0.000205005920775997	0.0130052020808323	0.00561953357871297	0.00874825034993003	0.0378984689018564	0.0169985891171033	6.19972696402449e-05	0.00715777894119455	0.00710466776672274	0.00130991016636079	0.00120017586176902	0.0265998092994283	0.00887533157559124	0.0054081304093175	9.64694781621986e-05	0.00166506606386004	0.00119222825495307	0.00875	0.006031208
65	A[T>C]A	T>C	ATA	0.00109019343302082	6.1701782009166e-05	0.0165066026410564	0.007949340204763	0.0461907618476305	0.00976960530794555	0.0202983152398351	0.00190991588730432	0.241924930694006	0.00202132801250422	9.72933276235913e-05	0.00196028724088941	0.00344833853320145	0.0203892752412231	0.00203929501571307	0.00669969123946327	0.00280644113801782	0.00137835917111264	0.031079	0.037212647
66	A[T>C]C	T>C	ATC	0.00304053948292045	2.15006209594339e-05	0.00776310524209684	0.000714940659925226	0.0133973205358928	0.00500979760417679	0.0104991285723285	0.0001419937465954	0.0128959983717053	0.00209137403273951	0.000251982719025129	0.00229033560287589	0.00671397653806341	0.00739610964632604	0.000820716278382563	0.00351964710270483	0.00326014191994138	0.00599384295853865	0.008852	1.17e-05
67	A[T>C]G	T>C	ATG	0.000106018810917621	1.32003812402106e-05	0.0123049219687875	0.00499958503444214	0.0381923615276945	0.00697971801939201	0.0142988131985045	0.000427981151710078	0.0638801779807726	0.00208136745842018	2.22984707708745e-16	0.00275040301655402	0.00263895266231223	0.00811573112542803	0.000919682065909815	0.000912130756742551	0.000533941503206489	0.000649555400411666	0.02769	2.21e-05
68	A[T>C]T	T>C	ATT	0.00574101862893531	0.000155004476684291	0.0173069227691076	0.00155987053074595	0.0382923415316937	0.0148993980643182	0.0289975931997644	0.000958957767499917	0.135957812290846	0.00424278751139499	0.000543962695038373	0.00115016853419532	0.00916352189795451	0.00846554712221372	0.0020292984715184	0.00636569540939592	0.00173254445503379	0.000319584647460268	0.034013	0.002178847
69	C[T>C]A	T>C	CTA	2.23039573911599e-16	0.000302008722313908	0.00883353341336535	0.00517957009568206	0.0132973405318936	0.0023899034479007	0.0136988629943715	4.73979125959292e-05	0.0106966808199416	0.000386253768726053	0.00064695563178277	0.00118017293073954	0.0154770054735409	0.00814571535372394	0.00132954037789136	0.00251848693980916	0.00920190663128787	0.0184614199925602	0.006963	0.009729192
70	C[T>C]C	T>C	CTC	0.00250044365371747	2.85008231322728e-05	0.0145058023209284	0.00235980413625669	0.0103979204159168	0.00699971721142466	0.015298730205393	0.000121994627356611	0.00316901665413222	0.00246161728255464	0.00645955700358067	0.0018402696547125	0.0247916473380103	0.00990479008041771	0.00201930192732372	0.00590614066849657	0.0052438956836439	0.0241110747891875	0.007753	1.66e-05
71	C[T>C]G	T>C	CTG	0.000360063886135316	2.23006440649012e-16	0.0101040416166467	0.00549954353788635	0.0207958408318336	0.00125994909805644	0.0153987219060818	2.21990223550554e-16	0.00960701894202229	0.0016210650397311	0.00391973118483534	0.00391057301626407	0.0089107710192062	0.00445765527332623	0.00155946089436882	0.00238279368306644	0.00935680379252417	0.0179926150729302	0.008222	4.91e-05
72	C[T>C]T	T>C	CTT	4.26075598593457e-05	0.000186005372021149	0.0158063225290116	0.00255978753763438	0.0148970205958808	0.00645973902654333	0.0328972695266293	0.000111995067737217	0.0154951918419714	0.00256168302574792	0.0182987450720629	0.00178026086162405	0.0219052860270656	0.0137927450161215	0.00317890105390567	0.0175893534657621	0.0119007870206498	0.0282820985089915	0.008981	0.011636653
73	G[T>C]A	T>C	GTA	0.00105018633456134	2.23006440649012e-16	0.00998399359743897	0.00289975931997644	0.0140971805638872	0.00259989496424344	0.00951920990557784	0.000286987361076618	0.00205936098028782	0.000708465461808408	5.9495919769822e-05	0.00108015827559212	2.30790595699524e-05	0.00452761847268337	0.000564804746998963	0.00052496982910862	0.00155122790153808	0.000534696350592036	0.007643	0.011310602
74	G[T>C]C	T>C	GTC	0.00190033717682528	2.74007913622552e-05	0.0056422569027611	0.00117990206812835	0.0079384123175365	0.00261989415627609	0.00977918832736883	0.000181991985072977	0.0011896308575449	0.00226148579616808	0.00149989713705434	0.00359052611979233	0.00534488868853136	0.00656654599680568	0.0020292984715184	0.0117659155919149	0.000323087118581126	0.0441617919839844	0.005973	4.5e-05
75	G[T>C]G	T>C	GTG	0.00117020762993978	0.000107003090356252	0.0109043617446979	0.00236980330632557	0.01499700059988	0.00280988648058618	0.00630947631346598	0.00019499141257819	0.00427867232797663	0.00398261657909246	0.00100993073894992	0.00299043818890782	7.90504076290904e-07	0.0051273030386017	0.000190933994118233	4.03688847028208e-06	0.000855456858396194	0.000427361723452138	0.004559	7.34e-07
76	G[T>C]T	T>C	GTT	7.13126530040222e-05	1.25003610229267e-05	0.0102040816326531	0.000754937340200763	0.0136972605478904	0.00628974589426587	0.0098591816879199	2.21990223550554e-16	0.00239925551101493	0.00315207091058826	0.00146989919431325	0.00155022715478499	0.00140745674850546	0.00468753435692826	0.000420854510595687	0.00171006909043675	0.00135127239386522	0.00078135876972451	0.011853	0.00333193
77	T[T>C]A	T>C	TTA	0.000255045252679182	2.23006440649012e-16	0.0152060824329732	0.00240979998660111	0.017996400719856	0.00207991597139476	0.013998838096438	2.20990267588615e-05	0.0129959673513309	0.001801183377479	0.00105992731018507	0.00259037956831814	0.0106580198344241	0.0045875869292752	0.000367872826363926	3.55301715279689e-05	0.00452895131557791	0.00294214934436544	0.013969	0.032925833
78	T[T>C]C	T>C	TTC	0.00339060159444089	4.35012563597848e-05	0.00899359743897559	0.000502958254464879	0.00970805838832235	0.00263989334830873	0.0135988712936826	2.48989034522919e-05	0.00366886155226033	0.00618406292934458	0.00109992456717318	0.00150021982721128	0.00661546194142272	0.0102945850482646	0.000821715932802031	0.00266915120837589	0.00346743254385814	0.0142765942553727	0.006782	0.00013551
79	T[T>C]G	T>C	TTG	0.000416073823978587	0.000117003379174594	0.0069327731092437	0.00173985559198586	0.0126974605078984	2.21991031562325e-16	0.00930922733413127	9.97956050015555e-05	0.00722775722693248	0.00326214322810086	0.0012099170238905	0.000379055543008717	0.00194009577714756	0.00400789184888749	0.000437848635726629	0.000173408947308757	0.00169305315487203	0.00214233955657011	0.008289	0.000233786
80	T[T>C]T	T>C	TTT	0.00433076840823866	3.5801033969662e-05	0.01390556222489	0.00063594721638104	0.018496300739852	0.00456981537945867	0.0383968130645156	0.00053097661578984	0.0083873973905897	0.00337221554561347	0.000999931424702891	0.000822120465311782	8.48183104091577e-05	0.0120936387460196	0.00105963368463522	0.00448744163838871	0.00332953558747885	0.00106027713720186	0.018814	0.015325366
81	A[T>G]A	T>G	ATA	0.000172030523375762	0.000238006873876524	0.0039515806322529	0.00104991285723285	0.00385922815436913	0.00163993374667663	0.0450962570106681	6.13972960630813e-05	0.0111965257180697	0.000721474008423534	0.00140990330883108	0.000407059646449994	0.00144013142618957	0.00367806533763241	0.00304894597937493	0.00241168377412091	0.00194272727147304	0.00121361896517341	0.003621	1.58e-05
82	A[T>G]C	T>G	ATC	0.000207036734527807	7.46021545848263e-05	0.00260104041616647	0.00015898680409526	0.0025994801039792	0.000667973013890239	0.00692942485773681	2.21990223550554e-16	0.00440863200148994	0.000858564076598325	0.00447969278266895	0.000817119732554411	0.000139730857030228	0.00247869620579575	0.000965666169205306	0.00127781973915284	0.00127852846204593	0.000411618537625618	0	1.19e-06
83	A[T>G]G	T>G	ATG	0.000268047559678513	2.05005920775997e-06	0.00630252100840336	0.00141988214978157	0.0079384123175365	0.00476980729978509	0.00532955764671532	8.24963668600033e-05	0.00461856685870374	0.00199130828954623	0.000989932110455862	0.000420061551619159	0.00723217196851288	0.00401788659165279	0.00447845179921301	0.00160768909927893	0.00103239157755075	0.00229408204374041	0.003944	1.4e-05
84	A[T>G]T	T>G	ATT	0.000112019875686543	3.76010859569634e-06	0.00397158863545418	0.0002159820734879	0.00482903419316137	0.000739970105207749	0.0238980164646334	0.000319985907820619	0.00795753077819952	0.00184120967475632	0.0690952614469697	0.000810118706694092	0.000181846051748898	0.000782588358523417	0.00262909112319871	0.00143239742228156	0.00235735915273791	0.000407619340112982	0.003436	1.31e-06
85	C[T>G]A	T>G	CTA	3.55062998827881e-05	0.000153004418920622	0.00437174869947979	0.000869927795992932	0.00258948210357928	0.00121995071399115	0.0259978421790991	4.13981768242926e-05	0.00395877159317464	0.000111072974944539	0.00204985942064093	0.00078111445670134	0.000570152101775756	0.00196896432476517	0.00370871789622328	0.00194419244338145	0.00114922888193796	0.000850899237697938	0.000936	0.035090601
86	C[T>G]C	T>G	CTC	0.000212037621835242	0.000155004476684291	0.00704281712685074	0.000440963400037797	0.00460907818436313	0.00194992122318258	0.00740938502104325	2.8198758126692e-06	0.00107966497995672	0.00199130828954623	0.0313978467356708	5.69083387788813e-06	0.00210906529276336	0.00142924821543868	0.000517820989284005	0.000357577189824514	0.000510253801497354	0.000390929092893022	0.003116	0.005608988
87	C[T>G]G	T>G	CTG	0.000128022715070335	0.00012100349470193	0.0107042817126851	0.00378968545610714	0.00612877424515097	0.00469981012767084	0.0141988214978157	2.21990223550554e-16	0.00223930514361394	0.00293192627556305	0.0136990605184296	0.00033204865508943	0.00601480987433906	0.00149921141479582	0.00635780210781133	0.00155566354682958	0.00124660136177687	0.00235286973283169	0.003353	1.57e-05
88	C[T>G]T	T>G	CTT	0.000171030345914275	0.000203005863012329	0.0070328131252501	0.00119990040826611	0.00729854029194162	0.000573976811336822	0.0564953108891962	5.54975558876386e-05	0.0025392120824908	0.00414272176820171	0.549962283586591	0.000767112404980702	2.22040000000003e-16	0.000948501088427488	0.00270906347675609	2.22040000000003e-16	0.000293134745847015	9.92218757596226e-05	0.001328	0.000715012
89	G[T>G]A	T>G	GTA	2.23039573911599e-16	0.000209006036303334	0.00442176870748299	0.00059795037011928	0.00251949610077984	0.00130994707813804	0.00829931115717396	8.76961378620884e-05	0.000901720196223112	0.000870571965781519	0.000280980730341513	4.4906580161191e-05	0.00134397126521993	0.000303840180065286	0.00175939177826226	0.000859880366967027	0.00183299865108589	3.52212823018839e-05	0.000407	0.023188525
90	G[T>G]C	T>G	GTC	2.23039573911599e-16	0.00013300384128394	0.00234093637454982	0.000252979002742772	0.00170965806838632	0.000655973498670653	0.00584951449029731	2.21990223550554e-16	0.000900720506426856	3.70243249815129e-05	0.00624957140439306	9.1713438770183e-05	0.00209611235183638	0.000871541569134636	0.00506824790669866	0.00489808013248447	0.000509822438068102	0.00684301968658569	0	4.48e-06
91	G[T>G]G	T>G	GTG	0.000348061756597472	3.71010715160463e-05	0.0109043617446979	0.00242979832673888	0.00529894021195761	0.00396983961847941	0.00396967051734706	0.000425981239786199	0.00067479061247295	0.00583383282816811	0.00147989850856028	0.000770112844635124	0.00768328580503542	0.00254865940515289	0.00403860385464745	0.000539537921734686	0.000861072247350021	0.00161995733092078	0.003655	3.06e-05
92	G[T>G]T	T>G	GTT	1.460259093771e-05	2.23006440649012e-16	0.00583233293317327	0.000251979085735884	0.0023495300939812	0.0012899478861054	0.0193983899336355	2.88987273000496e-06	0.00238925861305237	0.00214140690433615	0.11399218241613	0.00115016853419532	7.37964036256544e-06	0.00280852271705083	0.00334884230521509	0.000642147728177352	0.00155795030805025	0.00215422736510022	0.001751	2.64e-05
93	T[T>G]A	T>G	TTA	2.23039573911599e-16	1.670048232663e-05	0.00725290116046418	0.000376968711596937	0.00521895620875825	2.21991031562325e-16	0.0656945473525697	0.000183991896996856	0.00977696620738585	0.000696457572625215	1.21991633813753e-05	0.000467068439538445	0.000158098138051527	0.00224881712219373	0.00428851745951425	0.00189054402696483	0.00309814654543855	0.000873143491622355	0.002739	0.049557597
94	T[T>G]C	T>G	TTC	5.5109778127933e-05	7.0402033281123e-05	0.00628251300520208	0.000173985559198586	0.00655868826234753	0.00113995394586059	0.00861928459937825	2.21990223550554e-16	0.00550829077737178	0.00210138060705884	0.00874939996615029	9.93145525613868e-05	0.00206408990452333	0.0023787487781427	0.00193932957376635	0.00103856729809539	0.000615976046824109	0.00246049842178564	0.003467	9.78e-06
95	T[T>G]G	T>G	TTG	0.000583103460046914	9.54027553269763e-05	0.00805322128851541	0.00231980745598115	0.00693861227754449	0.00308987516904317	0.0108990953750839	3.66983838031772e-05	0.0052383745323826	0.00145095327630253	0.00477967221007982	0.000180026379265354	0.00777732602632847	0.00534718737943842	0.00481833430183186	0.00342777011901756	0.00250155855363814	0.00601841411245582	0.003053	0.000250673
96	T[T>G]T	T>G	TTT	2.23039573911599e-16	2.23006440649012e-16	0.0105042016806723	0.000567952859912627	0.013497300539892	0.000995959763225565	0.0638946967401706	1.88991676806553e-05	0.0157950987808483	0.00516339234877314	0.121991633813753	0.000928135999768046	1.15009941131303e-05	0.00729616221867298	0.00361874899847123	0.00175203162544247	0.00164648166934868	0.00406209844628868	0.003803	0.010208901
